init_position:
  torso: [0.0, 0.433332, -1.217, 0.783668, 0.0, 0.0]
  right_arm: [0.000001, 0.039207, -0.000001, -2.135956, -0.000004, 0.565158, 0.039207]
  left_arm: [0.000001, -0.039207, -0.000001, -2.135956, -0.000004, 0.565158, -0.039207]
  head: [0.0, 0.6109]
  grippers: [0.0, 0.0]

perturb_defaults:
  base_x_range: [-0.1, 0.1]
  base_y_range: [-0.1, 0.1]
  base_yaw_range: [-0.35, 0.35]
  ee_pos_range: [-0.1, 0.1]
  ee_rot_range: [-0.35, 0.35]

mocap_base_target:
  pos: [0.0, 0.0, 0.0]
  geom:
    type: box
    size: [0.1, 0.1, 0.05]
    contype: 0
    conaffinity: 0
    rgba: [0.8, 0.2, 0.2, 0.5]
  weld:
    rby1:
      solimp: [0.99, 0.999, 0.001, 0.5, 2.0]
      solref: [0.001, 1.0]
    fine:
      solimp: [0.95, 0.99, 0.001]
      solref: [0.02, 1.0]

fine_manipulation:
  model_scale: 1.3

whole_body_action_mode:
  position_limits: [-2.0, 2.0]
  block_until_reached: false
  direct_mode: false
  control_frequency: 50
  interpolation_frequency: 50
  low_level_frequency: 1000
  base:
    control_mode: wheel_velocity
    error_gain: [3.0, 3.0, 3.0]
    velocity_gain: [0.1, 0.1, 0.1]
    max_linear_speed: 0.6
    max_yaw_speed: 1.2
    wheel_radius: 0.076
    wheel_half_length: 0.245
    wheel_half_width: 0.245
    wheel_speed_limit: 20.0
    wheel_velocity_signs: [1.0, 1.0, 1.0, 1.0]
