# Task cost weights
ee_pos_cost: 10000.0
ee_ori_cost: 10000.0
nominal_posture_cost_torso: 200.0
nominal_posture_cost_arm: 10.0
nominal_posture_cost_head: 0.0
current_posture_cost_main: 10.0
current_posture_cost_head: 0.0
com_over_base_pos_cost: 100000.0
com_over_base_xy_bounds: [0.08, 0.08]
base_ground_position_cost: [5000.0, 5000.0, 100000.0]
base_ground_orientation_cost: [100000.0, 100000.0, 5000.0]

# Nominal/reference joint angles (radians)
nominal_torso_rad: [0.0, 0.433332, -1.217, 0.783668, 0.0, 0.0]
nominal_right_arm_rad: [0.000001, 0.039207, -0.000001, -2.135956, -0.000004, 0.565158, 0.039207]
nominal_left_arm_rad: [0.000001, -0.039207, -0.000001, -2.135956, -0.000004, 0.565158, -0.039207]
nominal_head_rad: [0.0, 0.785398]

# Collision avoidance distances (meters)
self_safety_distance: 0.01
self_influence_distance: 0.02
env_safety_distance: 0.1
env_influence_distance: 0.3

# Velocity limits
velocity_limit_scale: 0.9
base_xy_velocity_limit: 1.0   # m/s
base_rz_velocity_limit: 1.0   # rad/s
joint_velocity_limits:
  torso_0: 2.0944   # 120 deg/s
  torso_1: 2.0944
  torso_2: 3.1416   # 180 deg/s
  torso_3: 3.1416
  torso_4: 3.1416
  torso_5: 3.1416
  left_arm_0: 3.1416
  left_arm_1: 3.1416
  left_arm_2: 3.1416
  left_arm_3: 3.1416
  left_arm_4: 6.2832   # 360 deg/s
  left_arm_5: 6.2832
  left_arm_6: 6.2832
  right_arm_0: 3.1416
  right_arm_1: 3.1416
  right_arm_2: 3.1416
  right_arm_3: 3.1416
  right_arm_4: 6.2832
  right_arm_5: 6.2832
  right_arm_6: 6.2832

# Solver settings
dt: 1.0e-3
solver: "daqp"
damping: 1.0e-6
